Number of customers: 2960620
Cust. 4.	262051	10.0%	[115280, 118264, 62752, 118730, 80729, 121145, 38025, 18235, 19189, 67284, 86243, 15237, 10679, 63415, 63388, 33931, 64473, 76987, 53743, 94850]
Cust. 6.	1561885	10.0%	[113838, 114025, 83089, 13499, 13798, 35427, 80883, 113682, 92870, 51588, 26175, 83057, 7051, 105548, 17388, 119660, 87812, 122105, 104624, 78070]
Cust. 7.	335878	10.0%	[42155, 25166, 79361, 23112, 11878, 82603, 55085, 119901, 31178, 57081, 11484, 89764, 82797, 75953, 3964, 119710, 35850, 71409, 103206, 108762]
Cust. 8.	1790071	5.0%	[77705, 22101, 12845, 70713, 45308, 52428, 106585, 116660, 72805, 85848, 46022, 96583, 96819, 55495, 45542, 18887, 119036, 83249, 15058, 27137]
Cust. 9.	161403	10.0%	[89995, 6899, 89523, 22150, 4145, 76954, 47608, 38973, 42903, 38974, 20138, 76576, 108715, 8296, 96543, 65120, 117314, 88564, 76393, 46175]
Cust. 11.	9319	5.0%	[85657, 91264, 74106, 108485, 44444, 65428, 47566, 57627, 96234, 7980, 49028, 28635, 71514, 541, 111075, 83987, 99421, 46654, 67029, 15313]
Cust. 14.	161403	10.0%	[89995, 6899, 89523, 22150, 4145, 76954, 47608, 38973, 42903, 38974, 20138, 76576, 108715, 8296, 96543, 65120, 117314, 88564, 76393, 46175]
Cust. 16.	93882	5.0%	[122091, 23782, 37648, 84453, 97618, 103354, 91317, 13784, 15296, 23738, 13829, 19155, 67592, 19305, 80618, 80970, 3859, 99101, 99368, 35005]
Cust. 17.	922821	10.0%	[49892, 86941, 18721, 83228, 15100, 8342, 100397, 92605, 104186, 93715, 41522, 111049, 2474, 42660, 7551, 63661, 84462, 89245, 5456, 33422]
Cust. 18.	1342851	15.0%	[71069, 111024, 18887, 79637, 57860, 33238, 97500, 7706, 86243, 72125, 67661, 75776, 73306, 31345, 79248, 109281, 477, 29271, 86376, 682]
Cust. 19.	161403	10.0%	[89995, 6899, 89523, 22150, 4145, 76954, 47608, 38973, 42903, 38974, 20138, 76576, 108715, 8296, 96543, 65120, 117314, 88564, 76393, 46175]
Cust. 23.	1274232	5.0%	[111816, 71601, 29537, 91624, 115631, 93532, 88432, 89428, 26273, 30501, 18577, 64766, 20986, 115331, 15432, 106167, 30034, 90928, 5390, 103775]
Cust. 28.	1561885	10.0%	[113838, 114025, 83089, 13499, 13798, 35427, 80883, 113682, 92870, 51588, 26175, 83057, 7051, 105548, 17388, 119660, 87812, 122105, 104624, 78070]
Cust. 29.	151689	5.0%	[29884, 118713, 38585, 17925, 74017, 44355, 30478, 119667, 67899, 73381, 67194, 103723, 60681, 42644, 107305, 25751, 16846, 2853, 3822, 26001]
Cust. 31.	161403	10.0%	[89995, 6899, 89523, 22150, 4145, 76954, 47608, 38973, 42903, 38974, 20138, 76576, 108715, 8296, 96543, 65120, 117314, 88564, 76393, 46175]
Cust. 35.	1977149	10.0%	[54917, 78113, 62003, 58694, 58193, 41, 118180, 102285, 13737, 100885, 49050, 3274, 51699, 46021, 105089, 103010, 112202, 27981, 50487, 67621]
Cust. 38.	1584381	5.0%	[61667, 26962, 82081, 61231, 65196, 46861, 75575, 112109, 132, 8562, 20068, 51716, 26714, 103190, 11040, 56820, 58463, 91969, 52587, 63140]
Cust. 40.	1363368	5.0%	[110062, 31473, 122239, 36478, 123431, 66285, 80186, 60729, 106580, 66050, 115327, 75575, 23759, 79546, 67238, 11469, 111134, 9621, 38265, 55549]
Cust. 44.	1545349	5.0%	[101610, 78960, 53240, 94827, 97491, 71926, 95276, 81414, 62161, 102807, 36638, 22676, 31347, 65919, 46717, 111010, 87837, 89006, 43624, 82717]
Cust. 49.	1139204	10.0%	[13055, 55877, 96583, 62759, 27137, 8167, 119036, 30262, 58013, 37670, 85344, 116170, 95878, 38972, 8952, 45246, 33398, 43847, 60215, 13834]
Cust. 51.	1561885	10.0%	[113838, 114025, 83089, 13499, 13798, 35427, 80883, 113682, 92870, 51588, 26175, 83057, 7051, 105548, 17388, 119660, 87812, 122105, 104624, 78070]
Cust. 54.	1109957	20.0%	[34136, 34772, 14110, 82423, 21802, 82174, 29673, 50689, 107300, 16816, 118254, 51143, 92381, 10974, 104650, 109283, 77575, 95898, 43690, 44665]
Cust. 59.	1545349	5.0%	[101610, 78960, 53240, 94827, 97491, 71926, 95276, 81414, 62161, 102807, 36638, 22676, 31347, 65919, 46717, 111010, 87837, 89006, 43624, 82717]
Cust. 60.	661025	10.0%	[81674, 45652, 112106, 84077, 37472, 73923, 106584, 28954, 91969, 111757, 14152, 91623, 87104, 36666, 62161, 35921, 110676, 76601, 82742, 6885]
Cust. 66.	1868657	5.0%	[118835, 39021, 52019, 58986, 43254, 75575, 9684, 54844, 69086, 46573, 6903, 15456, 50503, 29613, 20290, 5924, 80792, 62861, 99506, 93982]
Cust. 69.	1561885	10.0%	[113838, 114025, 83089, 13499, 13798, 35427, 80883, 113682, 92870, 51588, 26175, 83057, 7051, 105548, 17388, 119660, 87812, 122105, 104624, 78070]
Cust. 73.	1977149	10.0%	[54917, 78113, 62003, 58694, 58193, 41, 118180, 102285, 13737, 100885, 49050, 3274, 51699, 46021, 105089, 103010, 112202, 27981, 50487, 67621]
Cust. 76.	335878	10.0%	[42155, 25166, 79361, 23112, 11878, 82603, 55085, 119901, 31178, 57081, 11484, 89764, 82797, 75953, 3964, 119710, 35850, 71409, 103206, 108762]
Cust. 81.	1207269	5.0%	[24218, 72766, 8793, 71257, 6620, 6101, 89116, 4530, 17179, 105970, 57119, 57625, 99913, 37241, 112764, 68637, 24346, 47112, 8095, 7912]
Cust. 82.	2048672	10.0%	[62641, 105970, 100857, 4530, 91962, 95892, 5432, 6101, 6620, 115965, 32160, 73169, 4145, 90864, 17578, 92125, 10960, 83634, 45457, 118154]
Cust. 85.	617531	10.0%	[122316, 50041, 36900, 112585, 9074, 74344, 43265, 53850, 45218, 92245, 11401, 8349, 27434, 58174, 17063, 111146, 101725, 105204, 97142, 87080]
Cust. 86.	1584381	5.0%	[61667, 26962, 82081, 61231, 65196, 46861, 75575, 112109, 132, 8562, 20068, 51716, 26714, 103190, 11040, 56820, 58463, 91969, 52587, 63140]
Cust. 91.	1607497	15.0%	[68735, 91820, 67011, 52470, 99479, 113451, 72173, 78613, 84851, 25425, 44532, 94301, 122105, 17388, 79703, 92870, 11804, 26175, 28755, 48325]
Cust. 95.	2000815	5.0%	[60, 113176, 92630, 61128, 81731, 123355, 98429, 116852, 120573, 25219, 10751, 29107, 90779, 84937, 19774, 37921, 14116, 36705, 59515, 71212]
Cust. 97.	1109957	20.0%	[34136, 34772, 14110, 82423, 21802, 82174, 29673, 50689, 107300, 16816, 118254, 51143, 92381, 10974, 104650, 109283, 77575, 95898, 43690, 44665]
Cust. 102.	2048672	10.0%	[62641, 105970, 100857, 4530, 91962, 95892, 5432, 6101, 6620, 115965, 32160, 73169, 4145, 90864, 17578, 92125, 10960, 83634, 45457, 118154]
Cust. 104.	101478	15.0%	[106888, 64163, 107239, 24096, 71663, 3403, 95239, 97619, 120974, 9460, 21875, 113699, 119347, 8108, 96540, 123065, 90615, 38902, 78775, 51395]
Cust. 105.	499225	5.0%	[5644, 18763, 101432, 30594, 84553, 103283, 4233, 89874, 59166, 98051, 117178, 108471, 58983, 97832, 101305, 66589, 102741, 98539, 99358, 111454]
Cust. 109.	9319	5.0%	[85657, 91264, 74106, 108485, 44444, 65428, 47566, 57627, 96234, 7980, 49028, 28635, 71514, 541, 111075, 83987, 99421, 46654, 67029, 15313]
Cust. 110.	1087713	5.0%	[81520, 109767, 24096, 46861, 7521, 99524, 52622, 107239, 63388, 50689, 86496, 43869, 29673, 112764, 18235, 4530, 97619, 106514, 6903, 32310]
Cust. 111.	1122186	5.0%	[55972, 82767, 55060, 36644, 41803, 13851, 47744, 48127, 71558, 77304, 87160, 74008, 109954, 79550, 123354, 58812, 31376, 97074, 97071, 123049]
Cust. 113.	1561885	10.0%	[113838, 114025, 83089, 13499, 13798, 35427, 80883, 113682, 92870, 51588, 26175, 83057, 7051, 105548, 17388, 119660, 87812, 122105, 104624, 78070]
Cust. 115.	510860	10.0%	[46584, 104751, 31242, 74348, 104099, 54408, 13919, 112205, 71132, 116186, 19901, 37091, 22721, 6579, 7510, 32056, 106906, 46335, 92438, 82549]
Cust. 117.	661025	10.0%	[81674, 45652, 112106, 84077, 37472, 73923, 106584, 28954, 91969, 111757, 14152, 91623, 87104, 36666, 62161, 35921, 110676, 76601, 82742, 6885]
Cust. 118.	1380100	40.0%	[77697, 66069, 86493, 69302, 81674, 84077, 6701, 64356, 45652, 8598, 8562, 72077, 40524, 20068, 16843, 119733, 11040, 51598, 59735, 84426]
Cust. 123.	473373	5.0%	[44532, 233, 121241, 98313, 11804, 34731, 48325, 121497, 108651, 40012, 119776, 44896, 79158, 8100, 50550, 2680, 83476, 71892, 6203, 110800]
Cust. 124.	1660375	5.0%	[78473, 74021, 90010, 95000, 109112, 57134, 118405, 93054, 46933, 59985, 111949, 38990, 115542, 109441, 5225, 37408, 119528, 5329, 64276, 86112]
Cust. 129.	1158368	5.0%	[86243, 30124, 18887, 79637, 70468, 121848, 65820, 84025, 75776, 19753, 45542, 24430, 42294, 47334, 73208, 32577, 17516, 57229, 63026, 69611]
Cust. 134.	348587	5.0%	[90774, 21764, 43254, 48956, 95239, 24096, 87984, 55514, 97619, 105663, 75636, 107239, 71663, 82374, 56023, 99232, 50226, 94848, 48243, 117223]
Cust. 137.	1624657	5.0%	[78250, 113372, 33111, 88472, 99279, 59057, 35903, 114270, 42449, 68473, 102292, 82653, 49636, 77080, 1252, 119821, 97433, 3858, 52159, 17834]
Cust. 139.	1084108	10.0%	[98046, 107841, 122752, 49840, 71122, 40785, 27362, 55846, 95303, 77558, 51424, 73011, 75798, 86600, 102930, 65891, 61906, 45947, 78515, 83201]
Cust. 144.	1109957	20.0%	[34136, 34772, 14110, 82423, 21802, 82174, 29673, 50689, 107300, 16816, 118254, 51143, 92381, 10974, 104650, 109283, 77575, 95898, 43690, 44665]
Cust. 146.	671868	10.0%	[121909, 74572, 74440, 19, 11333, 69767, 74372, 27669, 118107, 6188, 59531, 75902, 21359, 101162, 40978, 40891, 58187, 116141, 22062, 22714]
Cust. 149.	724120	10.0%	[66391, 94121, 111172, 103252, 88525, 70850, 32092, 76768, 101690, 14986, 93397, 117187, 54211, 65515, 87426, 59769, 34836, 42877, 98996, 68527]
Cust. 150.	1977149	10.0%	[54917, 78113, 62003, 58694, 58193, 41, 118180, 102285, 13737, 100885, 49050, 3274, 51699, 46021, 105089, 103010, 112202, 27981, 50487, 67621]
Cust. 152.	760874	10.0%	[45641, 101725, 91033, 17720, 19072, 40984, 68043, 337, 78543, 40854, 64658, 74389, 78173, 50887, 2272, 68829, 118809, 51486, 99292, 119043]
Cust. 154.	2049237	5.0%	[110478, 75671, 43911, 31211, 53586, 24920, 9632, 48777, 19862, 85482, 83024, 6929, 32230, 20323, 95822, 63519, 39166, 117675, 5463, 102600]
Cust. 155.	611391	10.0%	[55344, 15054, 111074, 57134, 11938, 21832, 54376, 52914, 31053, 95119, 95239, 38990, 107239, 123007, 39249, 116055, 4886, 24096, 71663, 56886]
Cust. 157.	1788621	5.0%	[97851, 34780, 12650, 22731, 79255, 10447, 30264, 70369, 99265, 14428, 17081, 108261, 89124, 80637, 47270, 39324, 47391, 80944, 2315, 114811]
Cust. 159.	1088925	15.0%	[123472, 48676, 103892, 2332, 8776, 100415, 8500, 20068, 11040, 22649, 103484, 34915, 104107, 118927, 71711, 112549, 86781, 74078, 29673, 7649]
Cust. 161.	1084108	10.0%	[98046, 107841, 122752, 49840, 71122, 40785, 27362, 55846, 95303, 77558, 51424, 73011, 75798, 86600, 102930, 65891, 61906, 45947, 78515, 83201]
Cust. 168.	1792164	35.0%	[40995, 26391, 79202, 104911, 26070, 44323, 30591, 71050, 105792, 103602, 14721, 36000, 70465, 45483, 29719, 31253, 111400, 39493, 106131, 104485]
Cust. 169.	1998698	5.0%	[8026, 12464, 11519, 19358, 69435, 120317, 65923, 99816, 64163, 95239, 80475, 107239, 45295, 71663, 24096, 3403, 686, 97619, 96020, 120974]
Cust. 171.	1545349	5.0%	[101610, 78960, 53240, 94827, 97491, 71926, 95276, 81414, 62161, 102807, 36638, 22676, 31347, 65919, 46717, 111010, 87837, 89006, 43624, 82717]
Cust. 172.	611391	10.0%	[55344, 15054, 111074, 57134, 11938, 21832, 54376, 52914, 31053, 95119, 95239, 38990, 107239, 123007, 39249, 116055, 4886, 24096, 71663, 56886]
Cust. 173.	1792164	35.0%	[40995, 26391, 79202, 104911, 26070, 44323, 30591, 71050, 105792, 103602, 14721, 36000, 70465, 45483, 29719, 31253, 111400, 39493, 106131, 104485]
Cust. 174.	172578	5.0%	[62026, 80622, 100868, 102481, 51803, 50986, 3123, 69857, 21872, 30391, 72853, 58864, 116008, 103677, 116563, 85321, 70015, 104639, 30036, 82108]
Cust. 176.	1792164	35.0%	[40995, 26391, 79202, 104911, 26070, 44323, 30591, 71050, 105792, 103602, 14721, 36000, 70465, 45483, 29719, 31253, 111400, 39493, 106131, 104485]
Cust. 181.	1868657	5.0%	[118835, 39021, 52019, 58986, 43254, 75575, 9684, 54844, 69086, 46573, 6903, 15456, 50503, 29613, 20290, 5924, 80792, 62861, 99506, 93982]
Cust. 184.	1109957	20.0%	[34136, 34772, 14110, 82423, 21802, 82174, 29673, 50689, 107300, 16816, 118254, 51143, 92381, 10974, 104650, 109283, 77575, 95898, 43690, 44665]
Cust. 187.	2104705	5.0%	[25324, 92066, 79192, 33662, 50611, 103953, 120999, 5984, 81428, 46579, 61173, 63789, 97974, 1374, 61692, 34399, 123502, 55354, 103279, 42449]
Cust. 189.	262051	10.0%	[115280, 118264, 62752, 118730, 80729, 121145, 38025, 18235, 19189, 67284, 86243, 15237, 10679, 63415, 63388, 33931, 64473, 76987, 53743, 94850]
Cust. 190.	1109957	20.0%	[34136, 34772, 14110, 82423, 21802, 82174, 29673, 50689, 107300, 16816, 118254, 51143, 92381, 10974, 104650, 109283, 77575, 95898, 43690, 44665]
Cust. 191.	1380100	40.0%	[77697, 66069, 86493, 69302, 81674, 84077, 6701, 64356, 45652, 8598, 8562, 72077, 40524, 20068, 16843, 119733, 11040, 51598, 59735, 84426]
Cust. 192.	1792164	35.0%	[40995, 26391, 79202, 104911, 26070, 44323, 30591, 71050, 105792, 103602, 14721, 36000, 70465, 45483, 29719, 31253, 111400, 39493, 106131, 104485]
Cust. 194.	1109957	20.0%	[34136, 34772, 14110, 82423, 21802, 82174, 29673, 50689, 107300, 16816, 118254, 51143, 92381, 10974, 104650, 109283, 77575, 95898, 43690, 44665]
Cust. 196.	137296	5.0%	[93334, 11335, 20677, 96147, 54722, 27191, 40765, 101558, 105805, 108438, 20705, 31587, 94644, 92487, 93794, 89687, 100152, 54035, 110841, 57944]
Cust. 197.	684929	25.0%	[64453, 34698, 58630, 12941, 94097, 70479, 40000, 94804, 73400, 81223, 83070, 40825, 62342, 67470, 113440, 45498, 82644, 95675, 69732, 72330]
Cust. 198.	611391	10.0%	[55344, 15054, 111074, 57134, 11938, 21832, 54376, 52914, 31053, 95119, 95239, 38990, 107239, 123007, 39249, 116055, 4886, 24096, 71663, 56886]
Cust. 201.	2056384	15.0%	[38136, 11417, 75343, 101345, 66668, 106317, 111246, 95480, 82093, 118427, 5869, 40391, 49689, 2394, 91146, 47567, 73684, 46532, 53740, 52700]
Cust. 202.	1607497	15.0%	[68735, 91820, 67011, 52470, 99479, 113451, 72173, 78613, 84851, 25425, 44532, 94301, 122105, 17388, 79703, 92870, 11804, 26175, 28755, 48325]
Cust. 205.	1998698	5.0%	[8026, 12464, 11519, 19358, 69435, 120317, 65923, 99816, 64163, 95239, 80475, 107239, 45295, 71663, 24096, 3403, 686, 97619, 96020, 120974]
Cust. 206.	262051	10.0%	[115280, 118264, 62752, 118730, 80729, 121145, 38025, 18235, 19189, 67284, 86243, 15237, 10679, 63415, 63388, 33931, 64473, 76987, 53743, 94850]
Cust. 209.	1977149	10.0%	[54917, 78113, 62003, 58694, 58193, 41, 118180, 102285, 13737, 100885, 49050, 3274, 51699, 46021, 105089, 103010, 112202, 27981, 50487, 67621]
Cust. 211.	1857736	5.0%	[102520, 7376, 40308, 2895, 115893, 120276, 61664, 83460, 63208, 103892, 104997, 95801, 118485, 7457, 94934, 63753, 89549, 1312, 106201, 69269]
Cust. 214.	101478	15.0%	[106888, 64163, 107239, 24096, 71663, 3403, 95239, 97619, 120974, 9460, 21875, 113699, 119347, 8108, 96540, 123065, 90615, 38902, 78775, 51395]
Cust. 219.	1660375	5.0%	[78473, 74021, 90010, 95000, 109112, 57134, 118405, 93054, 46933, 59985, 111949, 38990, 115542, 109441, 5225, 37408, 119528, 5329, 64276, 86112]
Cust. 224.	1109957	20.0%	[34136, 34772, 14110, 82423, 21802, 82174, 29673, 50689, 107300, 16816, 118254, 51143, 92381, 10974, 104650, 109283, 77575, 95898, 43690, 44665]
Cust. 225.	1297926	10.0%	[75064, 50846, 31053, 123007, 39249, 4886, 56886, 85585, 87550, 77668, 31594, 122797, 53279, 93487, 112852, 62546, 67460, 74531, 39441, 9392]
Cust. 228.	283558	20.0%	[81520, 109767, 24096, 46861, 7521, 99524, 52622, 107239, 63388, 50689, 86496, 43869, 29673, 112764, 18235, 4530, 97619, 106514, 6903, 32310]
Cust. 233.	2048672	10.0%	[62641, 105970, 100857, 4530, 91962, 95892, 5432, 6101, 6620, 115965, 32160, 73169, 4145, 90864, 17578, 92125, 10960, 83634, 45457, 118154]
Cust. 235.	2184825	5.0%	[81520, 109767, 24096, 46861, 7521, 99524, 52622, 107239, 63388, 50689, 86496, 43869, 29673, 112764, 18235, 4530, 97619, 106514, 6903, 32310]
Cust. 237.	621552	10.0%	[123493, 20496, 106525, 82457, 87164, 80753, 18429, 38304, 101987, 49159, 91674, 37802, 41633, 53631, 82056, 106007, 1858, 26639, 1419, 97822]
Cust. 238.	589074	5.0%	[38241, 38374, 82667, 78215, 17187, 82942, 24618, 106275, 64102, 7002, 7649, 86833, 54182, 120317, 80475, 77285, 103769, 97010, 64527, 9136]
Cust. 240.	151689	5.0%	[29884, 118713, 38585, 17925, 74017, 44355, 30478, 119667, 67899, 73381, 67194, 103723, 60681, 42644, 107305, 25751, 16846, 2853, 3822, 26001]
Cust. 241.	137296	5.0%	[93334, 11335, 20677, 96147, 54722, 27191, 40765, 101558, 105805, 108438, 20705, 31587, 94644, 92487, 93794, 89687, 100152, 54035, 110841, 57944]
Cust. 242.	2048672	10.0%	[62641, 105970, 100857, 4530, 91962, 95892, 5432, 6101, 6620, 115965, 32160, 73169, 4145, 90864, 17578, 92125, 10960, 83634, 45457, 118154]
Cust. 244.	475415	5.0%	[85108, 20290, 99506, 108094, 20221, 69086, 46573, 93982, 73946, 49618, 100849, 62903, 17697, 24376, 47347, 112614, 117395, 110964, 106377, 99141]
Cust. 245.	1607497	15.0%	[68735, 91820, 67011, 52470, 99479, 113451, 72173, 78613, 84851, 25425, 44532, 94301, 122105, 17388, 79703, 92870, 11804, 26175, 28755, 48325]
Cust. 246.	824736	5.0%	[91918, 67059, 62601, 58690, 3841, 70790, 6071, 33348, 113233, 106405, 109626, 105487, 75883, 5864, 89577, 8365, 68315, 2872, 90309, 67517]
Cust. 247.	1857736	5.0%	[102520, 7376, 40308, 2895, 115893, 120276, 61664, 83460, 63208, 103892, 104997, 95801, 118485, 7457, 94934, 63753, 89549, 1312, 106201, 69269]
Cust. 250.	611391	10.0%	[55344, 15054, 111074, 57134, 11938, 21832, 54376, 52914, 31053, 95119, 95239, 38990, 107239, 123007, 39249, 116055, 4886, 24096, 71663, 56886]
Cust. 258.	1977149	10.0%	[54917, 78113, 62003, 58694, 58193, 41, 118180, 102285, 13737, 100885, 49050, 3274, 51699, 46021, 105089, 103010, 112202, 27981, 50487, 67621]
Cust. 260.	499225	5.0%	[5644, 18763, 101432, 30594, 84553, 103283, 4233, 89874, 59166, 98051, 117178, 108471, 58983, 97832, 101305, 66589, 102741, 98539, 99358, 111454]
Cust. 262.	1607497	15.0%	[68735, 91820, 67011, 52470, 99479, 113451, 72173, 78613, 84851, 25425, 44532, 94301, 122105, 17388, 79703, 92870, 11804, 26175, 28755, 48325]
Cust. 263.	621552	10.0%	[123493, 20496, 106525, 82457, 87164, 80753, 18429, 38304, 101987, 49159, 91674, 37802, 41633, 53631, 82056, 106007, 1858, 26639, 1419, 97822]
Cust. 264.	1154976	15.0%	[86243, 30124, 18887, 79637, 70468, 121848, 65820, 84025, 75776, 19753, 45542, 24430, 42294, 47334, 73208, 32577, 17516, 57229, 63026, 69611]
Cust. 265.	705672	5.0%	[123556, 116656, 48627, 96070, 67621, 2367, 78113, 58694, 100885, 27981, 41, 112202, 102285, 59383, 21186, 100544, 103010, 8191, 122859, 93990]
Cust. 266.	1139204	10.0%	[13055, 55877, 96583, 62759, 27137, 8167, 119036, 30262, 58013, 37670, 85344, 116170, 95878, 38972, 8952, 45246, 33398, 43847, 60215, 13834]
Cust. 267.	1979488	5.0%	[1099, 45719, 44411, 95781, 52435, 93620, 21444, 75709, 85585, 31594, 67460, 87550, 77668, 63090, 11254, 53279, 122797, 112852, 37464, 93487]
Cust. 269.	262051	10.0%	[115280, 118264, 62752, 118730, 80729, 121145, 38025, 18235, 19189, 67284, 86243, 15237, 10679, 63415, 63388, 33931, 64473, 76987, 53743, 94850]
Cust. 270.	1279368	5.0%	[81520, 109767, 24096, 46861, 7521, 99524, 52622, 107239, 63388, 50689, 86496, 43869, 29673, 112764, 18235, 4530, 97619, 106514, 6903, 32310]
Cust. 275.	1470066	5.0%	[116660, 91566, 8016, 31633, 8687, 28456, 6114, 93195, 81520, 77074, 23146, 16849, 63388, 31014, 70552, 94482, 106713, 63415, 40791, 41322]
Cust. 277.	1979488	5.0%	[1099, 45719, 44411, 95781, 52435, 93620, 21444, 75709, 85585, 31594, 67460, 87550, 77668, 63090, 11254, 53279, 122797, 112852, 37464, 93487]
Cust. 281.	473373	5.0%	[44532, 233, 121241, 98313, 11804, 34731, 48325, 121497, 108651, 40012, 119776, 44896, 79158, 8100, 50550, 2680, 83476, 71892, 6203, 110800]
Cust. 282.	1977149	10.0%	[54917, 78113, 62003, 58694, 58193, 41, 118180, 102285, 13737, 100885, 49050, 3274, 51699, 46021, 105089, 103010, 112202, 27981, 50487, 67621]
Cust. 285.	1503459	15.0%	[122418, 839, 34448, 69764, 58922, 32421, 116408, 101770, 86688, 110476, 95424, 24313, 60745, 94635, 109907, 1099, 45719, 44411, 62208, 103877]
Cust. 292.	724120	10.0%	[66391, 94121, 111172, 103252, 88525, 70850, 32092, 76768, 101690, 14986, 93397, 117187, 54211, 65515, 87426, 59769, 34836, 42877, 98996, 68527]
Cust. 293.	1561885	10.0%	[113838, 114025, 83089, 13499, 13798, 35427, 80883, 113682, 92870, 51588, 26175, 83057, 7051, 105548, 17388, 119660, 87812, 122105, 104624, 78070]
Cust. 298.	2042073	5.0%	[92107, 27311, 4740, 72047, 114877, 91862, 28722, 69946, 15964, 99482, 81580, 7166, 86356, 39926, 97486, 49872, 67255, 8960, 9759, 57971]
Cust. 300.	68066	5.0%	[81520, 109767, 24096, 46861, 7521, 99524, 52622, 107239, 63388, 50689, 86496, 43869, 29673, 112764, 18235, 4530, 97619, 106514, 6903, 32310]
Overall precision is 0.04250000000000002